1	35	14	600	1.26E+06	60
2	35	14	600	1.26E+06	60
3	35	14	600	1.26E+06	60
4	35	14	600	1.26E+06	60
5	35	14	600	1.26E+06	60
6	35	14	600	1.26E+06	60
7	35	14	600	1.26E+06	60
8	35	14	600	1.26E+06	60
9	35	14	600	1.26E+06	60
10	35	14	600	1.26E+06	60
11	35	14	600	1.26E+06	60
12	35	14	600	1.26E+06	60
13	35	14	600	1.26E+06	60
14	35	14	600	1.26E+06	60
15	35	14	600	1.26E+06	60
16	35	14	600	1.26E+06	60
17	35	14	600	1.26E+06	60
18	35	14	600	1.26E+06	60
19	35	14	600	1.26E+06	60
20	35	14	600	1.26E+06	60
21	35	14	600	1.26E+06	60
22	35	14	600	1.26E+06	60
23	35	14	600	1.26E+06	60
24	35	14	600	1.26E+06	60
25	35	14	600	1.26E+06	60
26	35	14	600	1.26E+06	60
27	35	14	600	1.26E+06	60
28	35	14	600	1.26E+06	60
29	35	14	600	1.26E+06	60
30	35	14	600	1.26E+06	60
31	35	14	600	1.26E+06	60
32	35	14	600	1.26E+06	60
33	35	14	600	1.26E+06	60
34	35	14	600	1.26E+06	60
35	35	14	600	1.26E+06	60
36	35	14	600	1.26E+06	60
37	35	14	600	1.26E+06	60
38	35	14	600	1.26E+06	60
39	35	14	600	1.26E+06	60
40	35	14	600	1.26E+06	60
41	35	14	600	1.26E+06	60
42	35	14	600	1.26E+06	60
43	35	14	600	1.26E+06	60
44	35	14	600	1.26E+06	60
45	35	14	600	1.26E+06	60
46	35	14	600	1.26E+06	60
47	35	14	600	1.26E+06	60
48	35	14	600	1.26E+06	60
49	35	14	600	1.26E+06	60
50	35	14	600	1.26E+06	60
51	35	14	600	1.26E+06	60
52	35	14	600	1.26E+06	60
53	35	14	600	1.26E+06	60
54	35	14	600	1.26E+06	60
55	35	14	600	1.26E+06	60
56	35	14	600	1.26E+06	60
57	35	14	600	1.26E+06	60
58	35	14	600	1.26E+06	60
59	35	14	600	1.26E+06	60
60	35	14	600	1.26E+06	60
61	35	14	600	1.26E+06	60
62	35	14	600	1.26E+06	60
63	35	14	600	1.26E+06	60
64	35	14	600	1.26E+06	60
65	35	14	600	1.26E+06	60
66	35	14	600	1.26E+06	60
67	35	14	600	1.26E+06	60
68	35	14	600	1.26E+06	60
69	35	14	600	1.26E+06	60
70	35	14	600	1.26E+06	60
71	35	14	600	1.26E+06	60
72	35	14	600	1.26E+06	60
73	35	14	600	1.26E+06	60
74	35	14	600	1.26E+06	60
75	35	14	600	1.26E+06	60
76	35	14	600	1.26E+06	60
77	35	14	600	1.26E+06	60
78	35	14	600	1.26E+06	60
79	35	14	600	1.26E+06	60
80	35	14	600	1.26E+06	60
81	35	14	600	1.26E+06	60
82	35	14	600	1.26E+06	60
83	35	14	600	1.26E+06	60
84	35	14	600	1.26E+06	60
85	35	14	600	1.26E+06	60
86	35	14	600	1.26E+06	60
87	35	14	600	1.26E+06	60
88	35	14	600	1.26E+06	60
89	35	14	600	1.26E+06	60
90	35	14	600	1.26E+06	60
91	35	14	600	1.26E+06	60
92	35	14	600	1.26E+06	60
93	35	14	600	1.26E+06	60
94	35	14	600	1.26E+06	60
95	35	14	600	1.26E+06	60
96	35	14	600	1.26E+06	60
97	35	14	600	1.26E+06	60
98	35	14	600	1.26E+06	60
99	35	14	600	1.26E+06	60
100	35	14	600	1.26E+06	60
101	35	14	600	1.26E+06	60
102	35	14	600	1.26E+06	60
103	35	14	600	1.26E+06	60
104	35	14	600	1.26E+06	60
105	35	14	600	1.26E+06	60
106	35	14	600	1.26E+06	60
107	35	14	600	1.26E+06	60
108	35	14	600	1.26E+06	60
109	35	14	600	1.26E+06	60
110	35	14	600	1.26E+06	60
111	35	14	600	1.26E+06	60
112	35	14	600	1.26E+06	60
113	35	14	600	1.26E+06	60
114	35	14	600	1.26E+06	60
115	35	14	600	1.26E+06	60
116	35	14	600	1.26E+06	60
117	35	14	600	1.26E+06	60
118	35	14	600	1.26E+06	60
119	35	14	600	1.26E+06	60
120	35	14	600	1.26E+06	60
121	35	14	600	1.26E+06	60
122	35	14	600	1.26E+06	60
123	35	14	600	1.26E+06	60
124	35	14	600	1.26E+06	60
125	35	14	600	1.26E+06	60
126	35	14	600	1.26E+06	60
127	35	14	600	1.26E+06	60
128	35	14	600	1.26E+06	60
129	35	14	600	1.26E+06	60
130	35	14	600	1.26E+06	60
131	35	14	600	1.26E+06	60
132	35	14	600	1.26E+06	60
133	35	14	600	1.26E+06	60
134	35	14	600	1.26E+06	60
135	35	14	600	1.26E+06	60
136	35	14	600	1.26E+06	60
137	35	14	600	1.26E+06	60
138	35	14	600	1.26E+06	60
139	35	14	600	1.26E+06	60
140	35	14	600	1.26E+06	60
141	35	14	600	1.26E+06	60
142	35	14	600	1.26E+06	60
143	35	14	600	1.26E+06	60
144	35	14	600	1.26E+06	60
145	35	14	600	1.26E+06	60
146	35	14	600	1.26E+06	60
147	35	14	600	1.26E+06	60
148	35	14	600	1.26E+06	60
149	35	14	600	1.26E+06	60
150	35	14	600	1.26E+06	60
151	35	14	600	1.26E+06	60
152	35	14	600	1.26E+06	60
153	35	14	600	1.26E+06	60
154	35	14	600	1.26E+06	60
155	35	14	600	1.26E+06	60
156	35	14	600	1.26E+06	60
157	35	14	600	1.26E+06	60
158	35	14	600	1.26E+06	60
159	35	14	600	1.26E+06	60
160	35	14	600	1.26E+06	60
161	35	14	600	1.26E+06	60
162	35	14	600	1.26E+06	60
163	35	14	600	1.26E+06	60
164	35	14	600	1.26E+06	60
165	35	14	600	1.26E+06	60
166	35	14	600	1.26E+06	60
167	35	14	600	1.26E+06	60
168	35	14	600	1.26E+06	60
169	35	14	600	1.26E+06	60
170	35	14	600	1.26E+06	60
171	35	14	600	1.26E+06	60
172	35	14	600	1.26E+06	60
173	35	14	600	1.26E+06	60
174	35	14	600	1.26E+06	60
175	35	14	600	1.26E+06	60
176	35	14	600	1.26E+06	60
177	35	14	600	1.26E+06	60
178	35	14	600	1.26E+06	60
179	35	14	600	1.26E+06	60
180	35	14	600	1.26E+06	60
181	27	11	600	2.73E+06	60
182	27	11	600	2.73E+06	60
183	27	11	600	2.73E+06	60
184	27	11	600	2.73E+06	60
185	27	11	600	2.73E+06	60
186	27	11	600	2.73E+06	60
187	27	11	600	2.73E+06	60
188	27	11	600	2.73E+06	60
189	27	11	600	2.73E+06	60
190	27	11	600	2.73E+06	60
191	27	11	600	2.73E+06	60
192	27	11	600	2.73E+06	60
193	27	11	600	2.73E+06	60
194	27	11	600	2.73E+06	60
195	27	11	600	2.73E+06	60
196	27	11	600	2.73E+06	60
197	27	11	600	2.73E+06	60
198	27	11	600	2.73E+06	60
199	27	11	600	2.73E+06	60
200	27	11	600	2.73E+06	60
201	27	11	600	2.73E+06	60
202	27	11	600	2.73E+06	60
203	27	11	600	2.73E+06	60
204	27	11	600	2.73E+06	60
205	27	11	600	2.73E+06	60
206	27	11	600	2.73E+06	60
207	27	11	600	2.73E+06	60
208	27	11	600	2.73E+06	60
209	27	11	600	2.73E+06	60
210	27	11	600	2.73E+06	60
211	27	11	600	2.73E+06	60
212	27	11	600	2.73E+06	60
213	27	11	600	2.73E+06	60
214	27	11	600	2.73E+06	60
215	27	11	600	2.73E+06	60
216	27	11	600	2.73E+06	60
217	27	11	600	2.73E+06	60
218	27	11	600	2.73E+06	60
219	27	11	600	2.73E+06	60
220	27	11	600	2.73E+06	60
221	27	11	600	2.73E+06	60
222	27	11	600	2.73E+06	60
223	27	11	600	2.73E+06	60
224	27	11	600	2.73E+06	60
225	27	11	600	2.73E+06	60
226	27	11	600	2.73E+06	60
227	27	11	600	2.73E+06	60
228	27	11	600	2.73E+06	60
229	27	11	600	2.73E+06	60
230	27	11	600	2.73E+06	60
231	27	11	600	2.73E+06	60
232	27	11	600	2.73E+06	60
233	27	11	600	2.73E+06	60
234	27	11	600	2.73E+06	60
235	27	11	600	2.73E+06	60
236	27	11	600	2.73E+06	60
237	27	11	600	2.73E+06	60
238	27	11	600	2.73E+06	60
239	27	11	600	2.73E+06	60
240	27	11	600	2.73E+06	60
241	27	11	600	2.73E+06	60
242	27	11	600	2.73E+06	60
243	27	11	600	2.73E+06	60
244	27	11	600	2.73E+06	60
245	27	11	600	2.73E+06	60
246	27	11	600	2.73E+06	60
247	27	11	600	2.73E+06	60
248	27	11	600	2.73E+06	60
249	27	11	600	2.73E+06	60
250	27	11	600	2.73E+06	60
251	27	11	600	2.73E+06	60
252	27	11	600	2.73E+06	60
253	27	11	600	2.73E+06	60
254	27	11	600	2.73E+06	60
255	27	11	600	2.73E+06	60
256	27	11	600	2.73E+06	60
257	27	11	600	2.73E+06	60
258	27	11	600	2.73E+06	60
259	27	11	600	2.73E+06	60
260	27	11	600	2.73E+06	60
261	27	11	600	2.73E+06	60
262	27	11	600	2.73E+06	60
263	27	11	600	2.73E+06	60
264	27	11	600	2.73E+06	60
265	27	11	600	2.73E+06	60
266	27	11	600	2.73E+06	60
267	27	11	600	2.73E+06	60
268	27	11	600	2.73E+06	60
269	27	11	600	2.73E+06	60
270	27	11	600	2.73E+06	60
271	27	11	600	2.73E+06	60
272	27	11	600	2.73E+06	60
273	27	11	600	2.73E+06	60
274	27	11	600	2.73E+06	60
275	27	11	600	2.73E+06	60
276	27	11	600	2.73E+06	60
277	27	11	600	2.73E+06	60
278	27	11	600	2.73E+06	60
279	27	11	600	2.73E+06	60
280	27	11	600	2.73E+06	60
281	27	11	600	2.73E+06	60
282	27	11	600	2.73E+06	60
283	27	11	600	2.73E+06	60
284	27	11	600	2.73E+06	60
285	27	11	600	2.73E+06	60
286	27	11	600	2.73E+06	60
287	27	11	600	2.73E+06	60
288	27	11	600	2.73E+06	60
289	27	11	600	2.73E+06	60
290	27	11	600	2.73E+06	60
291	27	11	600	2.73E+06	60
292	27	11	600	2.73E+06	60
293	27	11	600	2.73E+06	60
294	27	11	600	2.73E+06	60
295	27	11	600	2.73E+06	60
296	27	11	600	2.73E+06	60
297	27	11	600	2.73E+06	60
298	27	11	600	2.73E+06	60
299	27	11	600	2.73E+06	60
300	27	11	600	2.73E+06	60
301	27	11	600	2.73E+06	60
302	27	11	600	2.73E+06	60
303	27	11	600	2.73E+06	60
304	27	11	600	2.73E+06	60
305	27	11	600	2.73E+06	60
306	27	11	600	2.73E+06	60
307	27	11	600	2.73E+06	60
308	27	11	600	2.73E+06	60
309	27	11	600	2.73E+06	60
310	27	11	600	2.73E+06	60
311	27	11	600	2.73E+06	60
312	27	11	600	2.73E+06	60
313	27	11	600	2.73E+06	60
314	27	11	600	2.73E+06	60
315	27	11	600	2.73E+06	60
316	27	11	600	2.73E+06	60
317	27	11	600	2.73E+06	60
318	27	11	600	2.73E+06	60
319	27	11	600	2.73E+06	60
320	27	11	600	2.73E+06	60
321	27	11	600	2.73E+06	60
322	27	11	600	2.73E+06	60
323	27	11	600	2.73E+06	60
324	27	11	600	2.73E+06	60
325	27	11	600	2.73E+06	60
326	27	11	600	2.73E+06	60
327	27	11	600	2.73E+06	60
328	27	11	600	2.73E+06	60
329	27	11	600	2.73E+06	60
330	27	11	600	2.73E+06	60
331	27	11	600	2.73E+06	60
332	27	11	600	2.73E+06	60
333	27	11	600	2.73E+06	60
334	27	11	600	2.73E+06	60
335	27	11	600	2.73E+06	60
336	27	11	600	2.73E+06	60
337	27	11	600	2.73E+06	60
338	27	11	600	2.73E+06	60
339	27	11	600	2.73E+06	60
340	27	11	600	2.73E+06	60
341	27	11	600	2.73E+06	60
342	27	11	600	2.73E+06	60
343	27	11	600	2.73E+06	60
344	27	11	600	2.73E+06	60
345	27	11	600	2.73E+06	60
346	27	11	600	2.73E+06	60
347	27	11	600	2.73E+06	60
348	27	11	600	2.73E+06	60
349	27	11	600	2.73E+06	60
350	27	11	600	2.73E+06	60
351	27	11	600	2.73E+06	60
352	27	11	600	2.73E+06	60
353	27	11	600	2.73E+06	60
354	27	11	600	2.73E+06	60
355	27	11	600	2.73E+06	60
356	27	11	600	2.73E+06	60
357	27	11	600	2.73E+06	60
358	27	11	600	2.73E+06	60
359	27	11	600	2.73E+06	60
360	27	11	600	2.73E+06	60
1	35	14	600	1.26E+06	60
2	35	14	600	1.26E+06	60
3	35	14	600	1.26E+06	60
4	35	14	600	1.26E+06	60
5	35	14	600	1.26E+06	60
6	35	14	600	1.26E+06	60
7	35	14	600	1.26E+06	60
8	35	14	600	1.26E+06	60
9	35	14	600	1.26E+06	60
10	35	14	600	1.26E+06	60
11	35	14	600	1.26E+06	60
12	35	14	600	1.26E+06	60
13	35	14	600	1.26E+06	60
14	35	14	600	1.26E+06	60
15	35	14	600	1.26E+06	60
16	35	14	600	1.26E+06	60
17	35	14	600	1.26E+06	60
18	35	14	600	1.26E+06	60
19	35	14	600	1.26E+06	60
20	35	14	600	1.26E+06	60
21	35	14	600	1.26E+06	60
22	35	14	600	1.26E+06	60
23	35	14	600	1.26E+06	60
24	35	14	600	1.26E+06	60
25	35	14	600	1.26E+06	60
26	35	14	600	1.26E+06	60
27	35	14	600	1.26E+06	60
28	35	14	600	1.26E+06	60
29	35	14	600	1.26E+06	60
30	35	14	600	1.26E+06	60
31	35	14	600	1.26E+06	60
32	35	14	600	1.26E+06	60
33	35	14	600	1.26E+06	60
34	35	14	600	1.26E+06	60
35	35	14	600	1.26E+06	60
36	35	14	600	1.26E+06	60
37	35	14	600	1.26E+06	60
38	35	14	600	1.26E+06	60
39	35	14	600	1.26E+06	60
40	35	14	600	1.26E+06	60
41	35	14	600	1.26E+06	60
42	35	14	600	1.26E+06	60
43	35	14	600	1.26E+06	60
44	35	14	600	1.26E+06	60
45	35	14	600	1.26E+06	60
46	35	14	600	1.26E+06	60
47	35	14	600	1.26E+06	60
48	35	14	600	1.26E+06	60
49	35	14	600	1.26E+06	60
50	35	14	600	1.26E+06	60
51	35	14	600	1.26E+06	60
52	35	14	600	1.26E+06	60
53	35	14	600	1.26E+06	60
54	35	14	600	1.26E+06	60
55	35	14	600	1.26E+06	60
56	35	14	600	1.26E+06	60
57	35	14	600	1.26E+06	60
58	35	14	600	1.26E+06	60
59	35	14	600	1.26E+06	60
60	35	14	600	1.26E+06	60
61	35	14	600	1.26E+06	60
62	35	14	600	1.26E+06	60
63	35	14	600	1.26E+06	60
64	35	14	600	1.26E+06	60
65	35	14	600	1.26E+06	60
66	35	14	600	1.26E+06	60
67	35	14	600	1.26E+06	60
68	35	14	600	1.26E+06	60
69	35	14	600	1.26E+06	60
70	35	14	600	1.26E+06	60
71	35	14	600	1.26E+06	60
72	35	14	600	1.26E+06	60
73	35	14	600	1.26E+06	60
74	35	14	600	1.26E+06	60
75	35	14	600	1.26E+06	60
76	35	14	600	1.26E+06	60
77	35	14	600	1.26E+06	60
78	35	14	600	1.26E+06	60
79	35	14	600	1.26E+06	60
80	35	14	600	1.26E+06	60
81	35	14	600	1.26E+06	60
82	35	14	600	1.26E+06	60
83	35	14	600	1.26E+06	60
84	35	14	600	1.26E+06	60
85	35	14	600	1.26E+06	60
86	35	14	600	1.26E+06	60
87	35	14	600	1.26E+06	60
88	35	14	600	1.26E+06	60
89	35	14	600	1.26E+06	60
90	35	14	600	1.26E+06	60
91	35	14	600	1.26E+06	60
92	35	14	600	1.26E+06	60
93	35	14	600	1.26E+06	60
94	35	14	600	1.26E+06	60
95	35	14	600	1.26E+06	60
96	35	14	600	1.26E+06	60
97	35	14	600	1.26E+06	60
98	35	14	600	1.26E+06	60
99	35	14	600	1.26E+06	60
100	35	14	600	1.26E+06	60
101	35	14	600	1.26E+06	60
102	35	14	600	1.26E+06	60
103	35	14	600	1.26E+06	60
104	35	14	600	1.26E+06	60
105	35	14	600	1.26E+06	60
106	35	14	600	1.26E+06	60
107	35	14	600	1.26E+06	60
108	35	14	600	1.26E+06	60
109	35	14	600	1.26E+06	60
110	35	14	600	1.26E+06	60
111	35	14	600	1.26E+06	60
112	35	14	600	1.26E+06	60
113	35	14	600	1.26E+06	60
114	35	14	600	1.26E+06	60
115	35	14	600	1.26E+06	60
116	35	14	600	1.26E+06	60
117	35	14	600	1.26E+06	60
118	35	14	600	1.26E+06	60
119	35	14	600	1.26E+06	60
120	35	14	600	1.26E+06	60
121	35	14	600	1.26E+06	60
122	35	14	600	1.26E+06	60
123	35	14	600	1.26E+06	60
124	35	14	600	1.26E+06	60
125	35	14	600	1.26E+06	60
126	35	14	600	1.26E+06	60
127	35	14	600	1.26E+06	60
128	35	14	600	1.26E+06	60
129	35	14	600	1.26E+06	60
130	35	14	600	1.26E+06	60
131	35	14	600	1.26E+06	60
132	35	14	600	1.26E+06	60
133	35	14	600	1.26E+06	60
134	35	14	600	1.26E+06	60
135	35	14	600	1.26E+06	60
136	35	14	600	1.26E+06	60
137	35	14	600	1.26E+06	60
138	35	14	600	1.26E+06	60
139	35	14	600	1.26E+06	60
140	35	14	600	1.26E+06	60
141	35	14	600	1.26E+06	60
142	35	14	600	1.26E+06	60
143	35	14	600	1.26E+06	60
144	35	14	600	1.26E+06	60
145	35	14	600	1.26E+06	60
146	35	14	600	1.26E+06	60
147	35	14	600	1.26E+06	60
148	35	14	600	1.26E+06	60
149	35	14	600	1.26E+06	60
150	35	14	600	1.26E+06	60
151	35	14	600	1.26E+06	60
152	35	14	600	1.26E+06	60
153	35	14	600	1.26E+06	60
154	35	14	600	1.26E+06	60
155	35	14	600	1.26E+06	60
156	35	14	600	1.26E+06	60
157	35	14	600	1.26E+06	60
158	35	14	600	1.26E+06	60
159	35	14	600	1.26E+06	60
160	35	14	600	1.26E+06	60
161	35	14	600	1.26E+06	60
162	35	14	600	1.26E+06	60
163	35	14	600	1.26E+06	60
164	35	14	600	1.26E+06	60
165	35	14	600	1.26E+06	60
166	35	14	600	1.26E+06	60
167	35	14	600	1.26E+06	60
168	35	14	600	1.26E+06	60
169	35	14	600	1.26E+06	60
170	35	14	600	1.26E+06	60
171	35	14	600	1.26E+06	60
172	35	14	600	1.26E+06	60
173	35	14	600	1.26E+06	60
174	35	14	600	1.26E+06	60
175	35	14	600	1.26E+06	60
176	35	14	600	1.26E+06	60
177	35	14	600	1.26E+06	60
178	35	14	600	1.26E+06	60
179	35	14	600	1.26E+06	60
180	35	14	600	1.26E+06	60
181	27	11	600	2.73E+06	60
182	27	11	600	2.73E+06	60
183	27	11	600	2.73E+06	60
184	27	11	600	2.73E+06	60
185	27	11	600	2.73E+06	60
186	27	11	600	2.73E+06	60
187	27	11	600	2.73E+06	60
188	27	11	600	2.73E+06	60
189	27	11	600	2.73E+06	60
190	27	11	600	2.73E+06	60
191	27	11	600	2.73E+06	60
192	27	11	600	2.73E+06	60
193	27	11	600	2.73E+06	60
194	27	11	600	2.73E+06	60
195	27	11	600	2.73E+06	60
196	27	11	600	2.73E+06	60
197	27	11	600	2.73E+06	60
198	27	11	600	2.73E+06	60
199	27	11	600	2.73E+06	60
200	27	11	600	2.73E+06	60
201	27	11	600	2.73E+06	60
202	27	11	600	2.73E+06	60
203	27	11	600	2.73E+06	60
204	27	11	600	2.73E+06	60
205	27	11	600	2.73E+06	60
206	27	11	600	2.73E+06	60
207	27	11	600	2.73E+06	60
208	27	11	600	2.73E+06	60
209	27	11	600	2.73E+06	60
210	27	11	600	2.73E+06	60
211	27	11	600	2.73E+06	60
212	27	11	600	2.73E+06	60
213	27	11	600	2.73E+06	60
214	27	11	600	2.73E+06	60
215	27	11	600	2.73E+06	60
216	27	11	600	2.73E+06	60
217	27	11	600	2.73E+06	60
218	27	11	600	2.73E+06	60
219	27	11	600	2.73E+06	60
220	27	11	600	2.73E+06	60
221	27	11	600	2.73E+06	60
222	27	11	600	2.73E+06	60
223	27	11	600	2.73E+06	60
224	27	11	600	2.73E+06	60
225	27	11	600	2.73E+06	60
226	27	11	600	2.73E+06	60
227	27	11	600	2.73E+06	60
228	27	11	600	2.73E+06	60
229	27	11	600	2.73E+06	60
230	27	11	600	2.73E+06	60
231	27	11	600	2.73E+06	60
232	27	11	600	2.73E+06	60
233	27	11	600	2.73E+06	60
234	27	11	600	2.73E+06	60
235	27	11	600	2.73E+06	60
236	27	11	600	2.73E+06	60
237	27	11	600	2.73E+06	60
238	27	11	600	2.73E+06	60
239	27	11	600	2.73E+06	60
240	27	11	600	2.73E+06	60
241	27	11	600	2.73E+06	60
242	27	11	600	2.73E+06	60
243	27	11	600	2.73E+06	60
244	27	11	600	2.73E+06	60
245	27	11	600	2.73E+06	60
246	27	11	600	2.73E+06	60
247	27	11	600	2.73E+06	60
248	27	11	600	2.73E+06	60
249	27	11	600	2.73E+06	60
250	27	11	600	2.73E+06	60
251	27	11	600	2.73E+06	60
252	27	11	600	2.73E+06	60
253	27	11	600	2.73E+06	60
254	27	11	600	2.73E+06	60
255	27	11	600	2.73E+06	60
256	27	11	600	2.73E+06	60
257	27	11	600	2.73E+06	60
258	27	11	600	2.73E+06	60
259	27	11	600	2.73E+06	60
260	27	11	600	2.73E+06	60
261	27	11	600	2.73E+06	60
262	27	11	600	2.73E+06	60
263	27	11	600	2.73E+06	60
264	27	11	600	2.73E+06	60
265	27	11	600	2.73E+06	60
266	27	11	600	2.73E+06	60
267	27	11	600	2.73E+06	60
268	27	11	600	2.73E+06	60
269	27	11	600	2.73E+06	60
270	27	11	600	2.73E+06	60
271	27	11	600	2.73E+06	60
272	27	11	600	2.73E+06	60
273	27	11	600	2.73E+06	60
274	27	11	600	2.73E+06	60
275	27	11	600	2.73E+06	60
276	27	11	600	2.73E+06	60
277	27	11	600	2.73E+06	60
278	27	11	600	2.73E+06	60
279	27	11	600	2.73E+06	60
280	27	11	600	2.73E+06	60
281	27	11	600	2.73E+06	60
282	27	11	600	2.73E+06	60
283	27	11	600	2.73E+06	60
284	27	11	600	2.73E+06	60
285	27	11	600	2.73E+06	60
286	27	11	600	2.73E+06	60
287	27	11	600	2.73E+06	60
288	27	11	600	2.73E+06	60
289	27	11	600	2.73E+06	60
290	27	11	600	2.73E+06	60
291	27	11	600	2.73E+06	60
292	27	11	600	2.73E+06	60
293	27	11	600	2.73E+06	60
294	27	11	600	2.73E+06	60
295	27	11	600	2.73E+06	60
296	27	11	600	2.73E+06	60
297	27	11	600	2.73E+06	60
298	27	11	600	2.73E+06	60
299	27	11	600	2.73E+06	60
300	27	11	600	2.73E+06	60
301	27	11	600	2.73E+06	60
302	27	11	600	2.73E+06	60
303	27	11	600	2.73E+06	60
304	27	11	600	2.73E+06	60
305	27	11	600	2.73E+06	60
306	27	11	600	2.73E+06	60
307	27	11	600	2.73E+06	60
308	27	11	600	2.73E+06	60
309	27	11	600	2.73E+06	60
310	27	11	600	2.73E+06	60
311	27	11	600	2.73E+06	60
312	27	11	600	2.73E+06	60
313	27	11	600	2.73E+06	60
314	27	11	600	2.73E+06	60
315	27	11	600	2.73E+06	60
316	27	11	600	2.73E+06	60
317	27	11	600	2.73E+06	60
318	27	11	600	2.73E+06	60
319	27	11	600	2.73E+06	60
320	27	11	600	2.73E+06	60
321	27	11	600	2.73E+06	60
322	27	11	600	2.73E+06	60
323	27	11	600	2.73E+06	60
324	27	11	600	2.73E+06	60
325	27	11	600	2.73E+06	60
326	27	11	600	2.73E+06	60
327	27	11	600	2.73E+06	60
328	27	11	600	2.73E+06	60
329	27	11	600	2.73E+06	60
330	27	11	600	2.73E+06	60
331	27	11	600	2.73E+06	60
332	27	11	600	2.73E+06	60
333	27	11	600	2.73E+06	60
334	27	11	600	2.73E+06	60
335	27	11	600	2.73E+06	60
336	27	11	600	2.73E+06	60
337	27	11	600	2.73E+06	60
338	27	11	600	2.73E+06	60
339	27	11	600	2.73E+06	60
340	27	11	600	2.73E+06	60
341	27	11	600	2.73E+06	60
342	27	11	600	2.73E+06	60
343	27	11	600	2.73E+06	60
344	27	11	600	2.73E+06	60
345	27	11	600	2.73E+06	60
346	27	11	600	2.73E+06	60
347	27	11	600	2.73E+06	60
348	27	11	600	2.73E+06	60
349	27	11	600	2.73E+06	60
350	27	11	600	2.73E+06	60
351	27	11	600	2.73E+06	60
352	27	11	600	2.73E+06	60
353	27	11	600	2.73E+06	60
354	27	11	600	2.73E+06	60
355	27	11	600	2.73E+06	60
356	27	11	600	2.73E+06	60
357	27	11	600	2.73E+06	60
358	27	11	600	2.73E+06	60
359	27	11	600	2.73E+06	60
360	27	11	600	2.73E+06	60
1	35	14	600	1.26E+06	60
2	35	14	600	1.26E+06	60
3	35	14	600	1.26E+06	60
4	35	14	600	1.26E+06	60
5	35	14	600	1.26E+06	60
6	35	14	600	1.26E+06	60
7	35	14	600	1.26E+06	60
8	35	14	600	1.26E+06	60
9	35	14	600	1.26E+06	60
10	35	14	600	1.26E+06	60
11	35	14	600	1.26E+06	60
12	35	14	600	1.26E+06	60
13	35	14	600	1.26E+06	60
14	35	14	600	1.26E+06	60
15	35	14	600	1.26E+06	60
16	35	14	600	1.26E+06	60
17	35	14	600	1.26E+06	60
18	35	14	600	1.26E+06	60
19	35	14	600	1.26E+06	60
20	35	14	600	1.26E+06	60
21	35	14	600	1.26E+06	60
22	35	14	600	1.26E+06	60
23	35	14	600	1.26E+06	60
24	35	14	600	1.26E+06	60
25	35	14	600	1.26E+06	60
26	35	14	600	1.26E+06	60
27	35	14	600	1.26E+06	60
28	35	14	600	1.26E+06	60
29	35	14	600	1.26E+06	60
30	35	14	600	1.26E+06	60
31	35	14	600	1.26E+06	60
32	35	14	600	1.26E+06	60
33	35	14	600	1.26E+06	60
34	35	14	600	1.26E+06	60
35	35	14	600	1.26E+06	60
36	35	14	600	1.26E+06	60
37	35	14	600	1.26E+06	60
38	35	14	600	1.26E+06	60
39	35	14	600	1.26E+06	60
40	35	14	600	1.26E+06	60
41	35	14	600	1.26E+06	60
42	35	14	600	1.26E+06	60
43	35	14	600	1.26E+06	60
44	35	14	600	1.26E+06	60
45	35	14	600	1.26E+06	60
46	35	14	600	1.26E+06	60
47	35	14	600	1.26E+06	60
48	35	14	600	1.26E+06	60
49	35	14	600	1.26E+06	60
50	35	14	600	1.26E+06	60
51	35	14	600	1.26E+06	60
52	35	14	600	1.26E+06	60
53	35	14	600	1.26E+06	60
54	35	14	600	1.26E+06	60
55	35	14	600	1.26E+06	60
56	35	14	600	1.26E+06	60
57	35	14	600	1.26E+06	60
58	35	14	600	1.26E+06	60
59	35	14	600	1.26E+06	60
60	35	14	600	1.26E+06	60
61	35	14	600	1.26E+06	60
62	35	14	600	1.26E+06	60
63	35	14	600	1.26E+06	60
64	35	14	600	1.26E+06	60
65	35	14	600	1.26E+06	60
66	35	14	600	1.26E+06	60
67	35	14	600	1.26E+06	60
68	35	14	600	1.26E+06	60
69	35	14	600	1.26E+06	60
70	35	14	600	1.26E+06	60
71	35	14	600	1.26E+06	60
72	35	14	600	1.26E+06	60
73	35	14	600	1.26E+06	60
74	35	14	600	1.26E+06	60
75	35	14	600	1.26E+06	60
76	35	14	600	1.26E+06	60
77	35	14	600	1.26E+06	60
78	35	14	600	1.26E+06	60
79	35	14	600	1.26E+06	60
80	35	14	600	1.26E+06	60
81	35	14	600	1.26E+06	60
82	35	14	600	1.26E+06	60
83	35	14	600	1.26E+06	60
84	35	14	600	1.26E+06	60
85	35	14	600	1.26E+06	60
86	35	14	600	1.26E+06	60
87	35	14	600	1.26E+06	60
88	35	14	600	1.26E+06	60
89	35	14	600	1.26E+06	60
90	35	14	600	1.26E+06	60
91	35	14	600	1.26E+06	60
92	35	14	600	1.26E+06	60
93	35	14	600	1.26E+06	60
94	35	14	600	1.26E+06	60
95	35	14	600	1.26E+06	60
96	35	14	600	1.26E+06	60
97	35	14	600	1.26E+06	60
98	35	14	600	1.26E+06	60
99	35	14	600	1.26E+06	60
100	35	14	600	1.26E+06	60
101	35	14	600	1.26E+06	60
102	35	14	600	1.26E+06	60
103	35	14	600	1.26E+06	60
104	35	14	600	1.26E+06	60
105	35	14	600	1.26E+06	60
106	35	14	600	1.26E+06	60
107	35	14	600	1.26E+06	60
108	35	14	600	1.26E+06	60
109	35	14	600	1.26E+06	60
110	35	14	600	1.26E+06	60
111	35	14	600	1.26E+06	60
112	35	14	600	1.26E+06	60
113	35	14	600	1.26E+06	60
114	35	14	600	1.26E+06	60
115	35	14	600	1.26E+06	60
116	35	14	600	1.26E+06	60
117	35	14	600	1.26E+06	60
118	35	14	600	1.26E+06	60
119	35	14	600	1.26E+06	60
120	35	14	600	1.26E+06	60
121	35	14	600	1.26E+06	60
122	35	14	600	1.26E+06	60
123	35	14	600	1.26E+06	60
124	35	14	600	1.26E+06	60
125	35	14	600	1.26E+06	60
126	35	14	600	1.26E+06	60
127	35	14	600	1.26E+06	60
128	35	14	600	1.26E+06	60
129	35	14	600	1.26E+06	60
130	35	14	600	1.26E+06	60
131	35	14	600	1.26E+06	60
132	35	14	600	1.26E+06	60
133	35	14	600	1.26E+06	60
134	35	14	600	1.26E+06	60
135	35	14	600	1.26E+06	60
136	35	14	600	1.26E+06	60
137	35	14	600	1.26E+06	60
138	35	14	600	1.26E+06	60
139	35	14	600	1.26E+06	60
140	35	14	600	1.26E+06	60
141	35	14	600	1.26E+06	60
142	35	14	600	1.26E+06	60
143	35	14	600	1.26E+06	60
144	35	14	600	1.26E+06	60
145	35	14	600	1.26E+06	60
146	35	14	600	1.26E+06	60
147	35	14	600	1.26E+06	60
148	35	14	600	1.26E+06	60
149	35	14	600	1.26E+06	60
150	35	14	600	1.26E+06	60
151	35	14	600	1.26E+06	60
152	35	14	600	1.26E+06	60
153	35	14	600	1.26E+06	60
154	35	14	600	1.26E+06	60
155	35	14	600	1.26E+06	60
156	35	14	600	1.26E+06	60
157	35	14	600	1.26E+06	60
158	35	14	600	1.26E+06	60
159	35	14	600	1.26E+06	60
160	35	14	600	1.26E+06	60
161	35	14	600	1.26E+06	60
162	35	14	600	1.26E+06	60
163	35	14	600	1.26E+06	60
164	35	14	600	1.26E+06	60
165	35	14	600	1.26E+06	60
166	35	14	600	1.26E+06	60
167	35	14	600	1.26E+06	60
168	35	14	600	1.26E+06	60
169	35	14	600	1.26E+06	60
170	35	14	600	1.26E+06	60
171	35	14	600	1.26E+06	60
172	35	14	600	1.26E+06	60
173	35	14	600	1.26E+06	60
174	35	14	600	1.26E+06	60
175	35	14	600	1.26E+06	60
176	35	14	600	1.26E+06	60
177	35	14	600	1.26E+06	60
178	35	14	600	1.26E+06	60
179	35	14	600	1.26E+06	60
180	35	14	600	1.26E+06	60
181	27	11	600	2.73E+06	60
182	27	11	600	2.73E+06	60
183	27	11	600	2.73E+06	60
184	27	11	600	2.73E+06	60
185	27	11	600	2.73E+06	60
186	27	11	600	2.73E+06	60
187	27	11	600	2.73E+06	60
188	27	11	600	2.73E+06	60
189	27	11	600	2.73E+06	60
190	27	11	600	2.73E+06	60
191	27	11	600	2.73E+06	60
192	27	11	600	2.73E+06	60
193	27	11	600	2.73E+06	60
194	27	11	600	2.73E+06	60
195	27	11	600	2.73E+06	60
196	27	11	600	2.73E+06	60
197	27	11	600	2.73E+06	60
198	27	11	600	2.73E+06	60
199	27	11	600	2.73E+06	60
200	27	11	600	2.73E+06	60
201	27	11	600	2.73E+06	60
202	27	11	600	2.73E+06	60
203	27	11	600	2.73E+06	60
204	27	11	600	2.73E+06	60
205	27	11	600	2.73E+06	60
206	27	11	600	2.73E+06	60
207	27	11	600	2.73E+06	60
208	27	11	600	2.73E+06	60
209	27	11	600	2.73E+06	60
210	27	11	600	2.73E+06	60
211	27	11	600	2.73E+06	60
212	27	11	600	2.73E+06	60
213	27	11	600	2.73E+06	60
214	27	11	600	2.73E+06	60
215	27	11	600	2.73E+06	60
216	27	11	600	2.73E+06	60
217	27	11	600	2.73E+06	60
218	27	11	600	2.73E+06	60
219	27	11	600	2.73E+06	60
220	27	11	600	2.73E+06	60
221	27	11	600	2.73E+06	60
222	27	11	600	2.73E+06	60
223	27	11	600	2.73E+06	60
224	27	11	600	2.73E+06	60
225	27	11	600	2.73E+06	60
226	27	11	600	2.73E+06	60
227	27	11	600	2.73E+06	60
228	27	11	600	2.73E+06	60
229	27	11	600	2.73E+06	60
230	27	11	600	2.73E+06	60
231	27	11	600	2.73E+06	60
232	27	11	600	2.73E+06	60
233	27	11	600	2.73E+06	60
234	27	11	600	2.73E+06	60
235	27	11	600	2.73E+06	60
236	27	11	600	2.73E+06	60
237	27	11	600	2.73E+06	60
238	27	11	600	2.73E+06	60
239	27	11	600	2.73E+06	60
240	27	11	600	2.73E+06	60
241	27	11	600	2.73E+06	60
242	27	11	600	2.73E+06	60
243	27	11	600	2.73E+06	60
244	27	11	600	2.73E+06	60
245	27	11	600	2.73E+06	60
246	27	11	600	2.73E+06	60
247	27	11	600	2.73E+06	60
248	27	11	600	2.73E+06	60
249	27	11	600	2.73E+06	60
250	27	11	600	2.73E+06	60
251	27	11	600	2.73E+06	60
252	27	11	600	2.73E+06	60
253	27	11	600	2.73E+06	60
254	27	11	600	2.73E+06	60
255	27	11	600	2.73E+06	60
256	27	11	600	2.73E+06	60
257	27	11	600	2.73E+06	60
258	27	11	600	2.73E+06	60
259	27	11	600	2.73E+06	60
260	27	11	600	2.73E+06	60
261	27	11	600	2.73E+06	60
262	27	11	600	2.73E+06	60
263	27	11	600	2.73E+06	60
264	27	11	600	2.73E+06	60
265	27	11	600	2.73E+06	60
266	27	11	600	2.73E+06	60
267	27	11	600	2.73E+06	60
268	27	11	600	2.73E+06	60
269	27	11	600	2.73E+06	60
270	27	11	600	2.73E+06	60
271	27	11	600	2.73E+06	60
272	27	11	600	2.73E+06	60
273	27	11	600	2.73E+06	60
274	27	11	600	2.73E+06	60
275	27	11	600	2.73E+06	60
276	27	11	600	2.73E+06	60
277	27	11	600	2.73E+06	60
278	27	11	600	2.73E+06	60
279	27	11	600	2.73E+06	60
280	27	11	600	2.73E+06	60
281	27	11	600	2.73E+06	60
282	27	11	600	2.73E+06	60
283	27	11	600	2.73E+06	60
284	27	11	600	2.73E+06	60
285	27	11	600	2.73E+06	60
286	27	11	600	2.73E+06	60
287	27	11	600	2.73E+06	60
288	27	11	600	2.73E+06	60
289	27	11	600	2.73E+06	60
290	27	11	600	2.73E+06	60
291	27	11	600	2.73E+06	60
292	27	11	600	2.73E+06	60
293	27	11	600	2.73E+06	60
294	27	11	600	2.73E+06	60
295	27	11	600	2.73E+06	60
296	27	11	600	2.73E+06	60
297	27	11	600	2.73E+06	60
298	27	11	600	2.73E+06	60
299	27	11	600	2.73E+06	60
300	27	11	600	2.73E+06	60
301	27	11	600	2.73E+06	60
302	27	11	600	2.73E+06	60
303	27	11	600	2.73E+06	60
304	27	11	600	2.73E+06	60
305	27	11	600	2.73E+06	60
306	27	11	600	2.73E+06	60
307	27	11	600	2.73E+06	60
308	27	11	600	2.73E+06	60
309	27	11	600	2.73E+06	60
310	27	11	600	2.73E+06	60
311	27	11	600	2.73E+06	60
312	27	11	600	2.73E+06	60
313	27	11	600	2.73E+06	60
314	27	11	600	2.73E+06	60
315	27	11	600	2.73E+06	60
316	27	11	600	2.73E+06	60
317	27	11	600	2.73E+06	60
318	27	11	600	2.73E+06	60
319	27	11	600	2.73E+06	60
320	27	11	600	2.73E+06	60
321	27	11	600	2.73E+06	60
322	27	11	600	2.73E+06	60
323	27	11	600	2.73E+06	60
324	27	11	600	2.73E+06	60
325	27	11	600	2.73E+06	60
326	27	11	600	2.73E+06	60
327	27	11	600	2.73E+06	60
328	27	11	600	2.73E+06	60
329	27	11	600	2.73E+06	60
330	27	11	600	2.73E+06	60
331	27	11	600	2.73E+06	60
332	27	11	600	2.73E+06	60
333	27	11	600	2.73E+06	60
334	27	11	600	2.73E+06	60
335	27	11	600	2.73E+06	60
336	27	11	600	2.73E+06	60
337	27	11	600	2.73E+06	60
338	27	11	600	2.73E+06	60
339	27	11	600	2.73E+06	60
340	27	11	600	2.73E+06	60
341	27	11	600	2.73E+06	60
342	27	11	600	2.73E+06	60
343	27	11	600	2.73E+06	60
344	27	11	600	2.73E+06	60
345	27	11	600	2.73E+06	60
346	27	11	600	2.73E+06	60
347	27	11	600	2.73E+06	60
348	27	11	600	2.73E+06	60
349	27	11	600	2.73E+06	60
350	27	11	600	2.73E+06	60
351	27	11	600	2.73E+06	60
352	27	11	600	2.73E+06	60
353	27	11	600	2.73E+06	60
354	27	11	600	2.73E+06	60
355	27	11	600	2.73E+06	60
356	27	11	600	2.73E+06	60
357	27	11	600	2.73E+06	60
358	27	11	600	2.73E+06	60
359	27	11	600	2.73E+06	60
360	27	11	600	2.73E+06	60
